File,test_java_org_apache_commons_compress_DetectArchiverTestCase::testDetection.txt,test_java_org_apache_commons_compress_DetectCompressorTestCase::testDetection.txt,test_java_org_apache_commons_compress_archivers_ArTestCase::testArArchiveCreation.txt,test_java_org_apache_commons_compress_archivers_ArTestCase::testArUnarchive.txt,test_java_org_apache_commons_compress_archivers_CpioTestCase::testCpioArchiveCreation.txt,test_java_org_apache_commons_compress_archivers_CpioTestCase::testCpioUnarchive.txt,test_java_org_apache_commons_compress_archivers_JarTestCase::testJarArchiveCreation.txt,test_java_org_apache_commons_compress_archivers_JarTestCase::testJarUnarchive.txt,test_java_org_apache_commons_compress_archivers_JarTestCase::testJarUnarchiveAll.txt,test_java_org_apache_commons_compress_archivers_TarTestCase::testTarArchiveCreation.txt,test_java_org_apache_commons_compress_archivers_TarTestCase::testTarArchiveLongNameCreation.txt,test_java_org_apache_commons_compress_archivers_TarTestCase::testTarUnarchive.txt,test_java_org_apache_commons_compress_archivers_ZipTestCase::testZipArchiveCreation.txt,test_java_org_apache_commons_compress_archivers_ZipTestCase::testZipUnarchive.txt,test_java_org_apache_commons_compress_archivers_cpio_CpioArchiveInputStreamTest::testCpioUnarchive.txt,test_java_org_apache_commons_compress_archivers_jar_JarArchiveOutputStreamTest::testJarMarker.txt,test_java_org_apache_commons_compress_archivers_memory_MemoryArchiveTestCase::testReading.txt,test_java_org_apache_commons_compress_archivers_tar_TarArchiveEntryTest::testFileSystemRoot.txt,test_java_org_apache_commons_compress_archivers_tar_TarArchiveEntryTest::testTarFileWithFSRoot.txt,test_java_org_apache_commons_compress_archivers_zip_AsiExtraFieldTest::testClone.txt,test_java_org_apache_commons_compress_archivers_zip_AsiExtraFieldTest::testContent.txt,test_java_org_apache_commons_compress_archivers_zip_AsiExtraFieldTest::testModes.txt,test_java_org_apache_commons_compress_archivers_zip_AsiExtraFieldTest::testReparse.txt,test_java_org_apache_commons_compress_archivers_zip_ExtraFieldUtilsTest::testMerge.txt,test_java_org_apache_commons_compress_archivers_zip_ExtraFieldUtilsTest::testParse.txt,test_java_org_apache_commons_compress_archivers_zip_TestZipEncodings::testNioCp1252Encoding.txt,test_java_org_apache_commons_compress_archivers_zip_TestZipEncodings::testSimpleCp437Encoding.txt,test_java_org_apache_commons_compress_archivers_zip_TestZipEncodings::testSimpleCp850Encoding.txt,test_java_org_apache_commons_compress_archivers_zip_UTF8ZipFilesTest::testASCIIFileRoundtripExplicitUnicodeExtra.txt,test_java_org_apache_commons_compress_archivers_zip_UTF8ZipFilesTest::testASCIIFileRoundtripImplicitUnicodeExtra.txt,test_java_org_apache_commons_compress_archivers_zip_UTF8ZipFilesTest::testCP437FileRoundtripExplicitUnicodeExtra.txt,test_java_org_apache_commons_compress_archivers_zip_UTF8ZipFilesTest::testCP437FileRoundtripImplicitUnicodeExtra.txt,test_java_org_apache_commons_compress_archivers_zip_UTF8ZipFilesTest::testRead7ZipArchive.txt,test_java_org_apache_commons_compress_archivers_zip_UTF8ZipFilesTest::testReadWinZipArchive.txt,test_java_org_apache_commons_compress_archivers_zip_UTF8ZipFilesTest::testUtf8FileRoundtripExplicitUnicodeExtra.txt,test_java_org_apache_commons_compress_archivers_zip_UTF8ZipFilesTest::testUtf8FileRoundtripImplicitUnicodeExtra.txt,test_java_org_apache_commons_compress_archivers_zip_UTF8ZipFilesTest::testUtf8FileRoundtripNoEFSExplicitUnicodeExtra.txt,test_java_org_apache_commons_compress_archivers_zip_UTF8ZipFilesTest::testUtf8FileRoundtripNoEFSImplicitUnicodeExtra.txt,test_java_org_apache_commons_compress_archivers_zip_UTF8ZipFilesTest::testUtf8Interoperability.txt,test_java_org_apache_commons_compress_archivers_zip_UTF8ZipFilesTest::testZipFileReadsUnicodeFields.txt,test_java_org_apache_commons_compress_archivers_zip_ZipArchiveEntryTest::testAddAsFirstExtraField.txt,test_java_org_apache_commons_compress_archivers_zip_ZipArchiveEntryTest::testExtraFieldMerging.txt,test_java_org_apache_commons_compress_archivers_zip_ZipArchiveEntryTest::testExtraFields.txt,test_java_org_apache_commons_compress_archivers_zip_ZipArchiveEntryTest::testUnixMode.txt,test_java_org_apache_commons_compress_archivers_zip_ZipLongTest::testClone.txt,test_java_org_apache_commons_compress_archivers_zip_ZipLongTest::testEquals.txt,test_java_org_apache_commons_compress_archivers_zip_ZipLongTest::testFromBytes.txt,test_java_org_apache_commons_compress_archivers_zip_ZipLongTest::testSign.txt,test_java_org_apache_commons_compress_archivers_zip_ZipLongTest::testToBytes.txt,test_java_org_apache_commons_compress_archivers_zip_ZipShortTest::testClone.txt,test_java_org_apache_commons_compress_archivers_zip_ZipShortTest::testEquals.txt,test_java_org_apache_commons_compress_archivers_zip_ZipShortTest::testFromBytes.txt,test_java_org_apache_commons_compress_archivers_zip_ZipShortTest::testSign.txt,test_java_org_apache_commons_compress_archivers_zip_ZipShortTest::testToBytes.txt,test_java_org_apache_commons_compress_archivers_zip_ZipUtilTest::testAdjustToLong.txt,test_java_org_apache_commons_compress_archivers_zip_ZipUtilTest::testZipLong.txt,test_java_org_apache_commons_compress_changes_ChangeSetTestCase::testAddDeleteAdd.txt,test_java_org_apache_commons_compress_changes_ChangeSetTestCase::testAddMoveDelete.txt,test_java_org_apache_commons_compress_changes_ChangeSetTestCase::testDeleteAddDelete.txt,test_java_org_apache_commons_compress_changes_ChangeSetTestCase::testDeleteDir.txt,test_java_org_apache_commons_compress_changes_ChangeSetTestCase::testDeleteFile.txt,test_java_org_apache_commons_compress_changes_ChangeSetTestCase::testDeleteFromAndAddToJar.txt,test_java_org_apache_commons_compress_changes_ChangeSetTestCase::testDeleteFromAndAddToTar.txt,test_java_org_apache_commons_compress_changes_ChangeSetTestCase::testDeleteFromAndAddToZip.txt,test_java_org_apache_commons_compress_changes_ChangeSetTestCase::testDeleteFromJar.txt,test_java_org_apache_commons_compress_changes_ChangeSetTestCase::testDeleteFromTar.txt,test_java_org_apache_commons_compress_changes_ChangeSetTestCase::testDeleteFromZip.txt,test_java_org_apache_commons_compress_changes_ChangeSetTestCase::testDeletePlusAdd.txt,test_java_org_apache_commons_compress_changes_ChangeSetTestCase::testRenameAndDelete.txt,test_java_org_apache_commons_compress_compressors_BZip2TestCase::testBzip2Unarchive.txt,test_java_org_apache_commons_compress_compressors_BZip2TestCase::testBzipCreation.txt,test_java_org_apache_commons_compress_compressors_GZipTestCase::testGzipCreation.txt,test_java_org_apache_commons_compress_compressors_GZipTestCase::testGzipUnarchive.txt
test_java_org_apache_commons_compress_DetectArchiverTestCase::testDetection.txt,0.0,0.8337028824833703,0.6807095343680709,0.647450110864745,0.6452328159645233,0.7594553706505295,0.6607538802660754,0.6740576496674058,0.6829268292682927,0.6541019955654102,0.7551342812006319,0.6829268292682927,0.7552674230145867,0.6784922394678492,0.7250554323725056,0.7024291497975709,0.7361419068736141,0.7871396895787139,0.7684021543985637,0.7671840354767184,0.8517745302713987,0.7583148558758315,0.8372093023255814,0.7804878048780488,0.8064516129032258,0.8627450980392157,0.8403547671840355,0.8425720620842572,0.835920177383592,0.8337028824833703,0.8314855875831486,0.8203991130820399,0.7117516629711752,0.6984478935698448,0.8381374722838137,0.8580931263858093,0.8403547671840355,0.8425720620842572,0.8292682926829268,0.7516629711751663,0.8013100436681223,0.7877629063097514,0.818342151675485,0.7760532150776053,0.8137472283813747,0.7738359201773836,0.8314855875831486,0.8203991130820399,0.7982261640798226,0.7915742793791575,0.7649667405764967,0.8070953436807096,0.811529933481153,0.7760532150776053,0.8226164079822617,0.7827050997782705,0.7428571428571429,0.8558758314855875,0.6970873786407767,0.6752136752136753,0.6954732510288066,0.7344961240310077,0.7564516129032258,0.7490636704119851,0.7028824833702882,0.6917960088691796,0.7028824833702882,0.7153846153846154,0.835920177383592,0.6917960088691796,0.7405764966740577,0.7228381374722838,0.7139689578713969
test_java_org_apache_commons_compress_DetectCompressorTestCase::testDetection.txt,0.8337028824833703,0.0,0.7682539682539683,0.8314606741573034,0.7647058823529411,0.897125567322239,0.7907692307692308,0.8057971014492754,0.8050139275766016,0.8176943699731903,0.8878357030015798,0.7597173144876325,0.8752025931928687,0.7526501766784452,0.803921568627451,0.8785425101214575,0.7660256410256411,0.618421052631579,0.8761220825852782,0.7769516728624535,0.8935281837160751,0.7318181818181818,0.917312661498708,0.8661971830985915,0.8838709677419355,0.8929110105580694,0.5114503816793893,0.5114503816793893,0.5743243243243243,0.5578231292517006,0.5555555555555556,0.5448275862068965,0.7928994082840237,0.801829268292683,0.5547445255474452,0.5804195804195804,0.5782312925170068,0.58,0.6774193548387096,0.8103975535168195,0.8777292576419214,0.8814531548757171,0.8818342151675485,0.8052805280528053,0.7261146496815286,0.8104089219330854,0.7247191011235955,0.625,0.768595041322314,0.6832298136645962,0.7916666666666666,0.7309941520467836,0.6064516129032258,0.7264150943396226,0.7315789473684211,0.543046357615894,0.8838095238095238,0.2777777777777778,0.8543689320388349,0.8397435897435898,0.8477366255144033,0.8624031007751938,0.8758064516129033,0.8801498127340824,0.8577777777777778,0.8574938574938575,0.8679706601466992,0.8692307692307693,0.29473684210526313,0.7490494296577946,0.73828125,0.7254901960784313,0.722007722007722
test_java_org_apache_commons_compress_archivers_ArTestCase::testArArchiveCreation.txt,0.6807095343680709,0.7682539682539683,0.0,0.42921348314606744,0.2724458204334365,0.6505295007564297,0.2923076923076923,0.4956521739130435,0.5292479108635098,0.4343163538873995,0.665086887835703,0.45396825396825397,0.6434359805510534,0.47619047619047616,0.6838235294117647,0.6821862348178138,0.6031746031746031,0.7015873015873015,0.7396768402154399,0.7396825396825397,0.826722338204593,0.7428571428571429,0.8591731266149871,0.7511737089201878,0.789247311827957,0.8567119155354449,0.7555555555555555,0.7619047619047619,0.7333333333333333,0.7365079365079366,0.7619047619047619,0.7555555555555555,0.6834319526627219,0.7134146341463414,0.7682539682539683,0.7523809523809524,0.765079365079365,0.7555555555555555,0.726984126984127,0.7155963302752294,0.759825327510917,0.7934990439770554,0.8236331569664903,0.7111111111111111,0.8063492063492064,0.7523809523809524,0.8126984126984127,0.7873015873015873,0.7587301587301587,0.7777777777777778,0.7333333333333333,0.8,0.7746031746031746,0.746031746031746,0.8126984126984127,0.726984126984127,0.6723809523809524,0.7841269841269841,0.6427184466019418,0.6452991452991453,0.654320987654321,0.6395348837209303,0.7032258064516129,0.6835205992509363,0.6244444444444445,0.5700245700245701,0.6161369193154034,0.6826923076923077,0.7746031746031746,0.49523809523809526,0.4888888888888889,0.4634920634920635,0.4857142857142857
test_java_org_apache_commons_compress_archivers_ArTestCase::testArUnarchive.txt,0.647450110864745,0.8314606741573034,0.42921348314606744,0.0,0.44719101123595506,0.5537065052950075,0.4584269662921348,0.4786516853932584,0.5078651685393258,0.4853932584269663,0.6287519747235387,0.4853932584269663,0.5542949756888168,0.5056179775280899,0.6247191011235955,0.6680161943319838,0.6539325842696629,0.7730337078651686,0.7145421903052065,0.7640449438202247,0.8413361169102297,0.7865168539325843,0.8552971576227391,0.7617977528089888,0.7978494623655914,0.8597285067873304,0.8269662921348314,0.8292134831460675,0.8247191011235955,0.8157303370786517,0.8314606741573034,0.8247191011235955,0.7280898876404495,0.7370786516853932,0.8359550561797753,0.8202247191011236,0.8426966292134831,0.8179775280898877,0.7730337078651686,0.7460674157303371,0.7838427947598253,0.7552581261950286,0.7918871252204586,0.755056179775281,0.8157303370786517,0.7955056179775281,0.8539325842696629,0.8426966292134831,0.8,0.8157303370786517,0.8044943820224719,0.8269662921348314,0.8404494382022472,0.7842696629213484,0.8247191011235955,0.8112359550561797,0.6419047619047619,0.8426966292134831,0.6019417475728155,0.6068376068376068,0.6049382716049383,0.6162790697674418,0.6419354838709678,0.6329588014981273,0.5533333333333333,0.5617977528089888,0.5842696629213483,0.6230769230769231,0.8247191011235955,0.5842696629213483,0.5865168539325842,0.5730337078651685,0.5595505617977528
test_java_org_apache_commons_compress_archivers_CpioTestCase::testCpioArchiveCreation.txt,0.6452328159645233,0.7647058823529411,0.2724458204334365,0.44719101123595506,0.0,0.6157337367624811,0.2676923076923077,0.4927536231884058,0.5153203342618384,0.42359249329758714,0.6445497630331753,0.44272445820433437,0.6110210696920584,0.43653250773993807,0.625,0.6781376518218624,0.5851393188854489,0.6811145510835913,0.7271095152603232,0.6811145510835913,0.8121085594989561,0.7120743034055728,0.8462532299741602,0.7276995305164319,0.7548387096774194,0.8506787330316742,0.7430340557275542,0.7368421052631579,0.7058823529411765,0.7027863777089783,0.7244582043343654,0.718266253869969,0.6597633136094675,0.6554878048780488,0.7337461300309598,0.718266253869969,0.7306501547987616,0.718266253869969,0.7027863777089783,0.6758409785932722,0.7314410480349345,0.7533460803059273,0.7883597883597884,0.7027863777089783,0.7678018575851393,0.7213622291021672,0.7832817337461301,0.7708978328173375,0.7368421052631579,0.7585139318885449,0.7058823529411765,0.7739938080495357,0.7554179566563467,0.7275541795665634,0.7647058823529411,0.7089783281733746,0.6533333333333333,0.7708978328173375,0.6155339805825243,0.6196581196581197,0.6337448559670782,0.6162790697674418,0.6806451612903226,0.6591760299625468,0.5933333333333334,0.5552825552825553,0.5916870415647921,0.6442307692307693,0.7616099071207431,0.48606811145510836,0.4891640866873065,0.47368421052631576,0.4891640866873065
test_java_org_apache_commons_compress_archivers_CpioTestCase::testCpioUnarchive.txt,0.7594553706505295,0.897125567322239,0.6505295007564297,0.5537065052950075,0.6157337367624811,0.0,0.680786686838124,0.6959152798789713,0.6883509833585476,0.6928895612708018,0.6354009077155824,0.7019667170953101,0.5219364599092284,0.680786686838124,0.7186081694402421,0.7170953101361573,0.7866868381240545,0.8139183055975794,0.7049924357034796,0.8366111951588502,0.8426626323751891,0.8396369137670197,0.8023255813953488,0.8184568835098336,0.8063540090771558,0.889894419306184,0.8577912254160364,0.8683812405446294,0.897125567322239,0.897125567322239,0.875945537065053,0.8910741301059002,0.8214826021180031,0.8411497730711044,0.9152798789712556,0.9016641452344932,0.903177004538578,0.9016641452344932,0.8456883509833586,0.8411497730711044,0.8033282904689864,0.7806354009077155,0.7927382753403933,0.8169440242057489,0.8835098335854765,0.8396369137670197,0.913767019667171,0.8925869894099848,0.8608169440242057,0.869894099848714,0.8426626323751891,0.8956127080181543,0.8986384266263238,0.8502269288956127,0.8819969742813918,0.8729198184568835,0.686838124054463,0.8895612708018155,0.6626323751891074,0.6838124054462935,0.680786686838124,0.6580937972768532,0.6399394856278366,0.6641452344931922,0.686838124054463,0.6959152798789713,0.7201210287443268,0.6565809379727685,0.886535552193646,0.7337367624810892,0.7579425113464447,0.7534039334341907,0.7413010590015129
test_java_org_apache_commons_compress_archivers_JarTestCase::testJarArchiveCreation.txt,0.6607538802660754,0.7907692307692308,0.2923076923076923,0.4584269662921348,0.2676923076923077,0.680786686838124,0.0,0.4492753623188406,0.5097493036211699,0.40214477211796246,0.6524486571879937,0.4430769230769231,0.6094003241491086,0.4523076923076923,0.6397058823529411,0.6619433198380567,0.6030769230769231,0.6923076923076923,0.7612208258527827,0.7292307692307692,0.8288100208768268,0.7015384615384616,0.8669250645994832,0.7394366197183099,0.7784946236559139,0.8536953242835595,0.7569230769230769,0.7661538461538462,0.7415384615384616,0.7384615384615385,0.7661538461538462,0.7353846153846154,0.6804733727810651,0.6920731707317073,0.76,0.7569230769230769,0.7569230769230769,0.7476923076923077,0.7261538461538461,0.7125382262996942,0.7467248908296943,0.780114722753346,0.7918871252204586,0.7076923076923077,0.7753846153846153,0.7138461538461538,0.7938461538461539,0.7723076923076924,0.7292307692307692,0.7661538461538462,0.7107692307692308,0.7876923076923077,0.7415384615384616,0.7446153846153846,0.7938461538461539,0.72,0.6514285714285715,0.796923076923077,0.6213592233009708,0.6111111111111112,0.6316872427983539,0.6027131782945736,0.6919354838709677,0.649812734082397,0.6,0.5700245700245701,0.6014669926650367,0.6384615384615384,0.7907692307692308,0.48923076923076925,0.49538461538461537,0.48,0.48307692307692307
test_java_org_apache_commons_compress_archivers_JarTestCase::testJarUnarchive.txt,0.6740576496674058,0.8057971014492754,0.4956521739130435,0.4786516853932584,0.4927536231884058,0.6959152798789713,0.4492753623188406,0.0,0.37047353760445684,0.5308310991957105,0.7345971563981043,0.3652173913043478,0.6337115072933549,0.3565217391304348,0.6544117647058824,0.6882591093117408,0.6028985507246377,0.7681159420289855,0.7522441651705566,0.7188405797101449,0.8392484342379958,0.7536231884057971,0.8746770025839793,0.755868544600939,0.789247311827957,0.8733031674208145,0.8202898550724638,0.808695652173913,0.8173913043478261,0.8115942028985508,0.8289855072463768,0.8202898550724638,0.6579710144927536,0.7159420289855073,0.8144927536231884,0.8347826086956521,0.8289855072463768,0.8202898550724638,0.782608695652174,0.7101449275362319,0.7729257641921398,0.8336520076481836,0.8218694885361552,0.736231884057971,0.8173913043478261,0.736231884057971,0.8463768115942029,0.808695652173913,0.808695652173913,0.7855072463768116,0.7246376811594203,0.8173913043478261,0.808695652173913,0.7855072463768116,0.8144927536231884,0.7768115942028986,0.6876190476190476,0.8115942028985508,0.654368932038835,0.6431623931623932,0.6666666666666666,0.6317829457364341,0.717741935483871,0.7059925093632958,0.6022222222222222,0.601965601965602,0.6185819070904646,0.6692307692307692,0.7942028985507247,0.4956521739130435,0.5710144927536231,0.5652173913043478,0.5014492753623189
test_java_org_apache_commons_compress_archivers_JarTestCase::testJarUnarchiveAll.txt,0.6829268292682927,0.8050139275766016,0.5292479108635098,0.5078651685393258,0.5153203342618384,0.6883509833585476,0.5097493036211699,0.37047353760445684,0.0,0.5335120643431636,0.7393364928909952,0.4623955431754875,0.6645056726094003,0.48746518105849584,0.6519607843137255,0.6882591093117408,0.6295264623955432,0.7437325905292479,0.7468581687612208,0.724233983286908,0.8496868475991649,0.7576601671309192,0.8643410852713178,0.7723004694835681,0.8043010752688172,0.8959276018099548,0.7827298050139275,0.7743732590529248,0.7966573816155988,0.7910863509749304,0.8105849582172702,0.7966573816155988,0.6824512534818942,0.6908077994428969,0.8217270194986073,0.8272980501392758,0.8161559888579387,0.7994428969359332,0.7883008356545961,0.7075208913649025,0.8056768558951966,0.8489483747609943,0.8536155202821869,0.766016713091922,0.8245125348189415,0.7576601671309192,0.8523676880222841,0.8440111420612814,0.8133704735376045,0.807799442896936,0.7465181058495822,0.8356545961002786,0.8523676880222841,0.7994428969359332,0.8384401114206128,0.8022284122562674,0.6876190476190476,0.8189415041782729,0.654368932038835,0.6303418803418803,0.6584362139917695,0.6298449612403101,0.7225806451612903,0.7209737827715356,0.6,0.5847665847665847,0.6185819070904646,0.6692307692307692,0.7994428969359332,0.5459610027855153,0.5877437325905293,0.5905292479108635,0.5348189415041783
test_java_org_apache_commons_compress_archivers_TarTestCase::testTarArchiveCreation.txt,0.6541019955654102,0.8176943699731903,0.4343163538873995,0.4853932584269663,0.42359249329758714,0.6928895612708018,0.40214477211796246,0.5308310991957105,0.5335120643431636,0.0,0.5134281200631912,0.5013404825737265,0.6450567260940032,0.5281501340482574,0.6568627450980392,0.6720647773279352,0.6541554959785523,0.7211796246648794,0.7289048473967684,0.7050938337801609,0.778705636743215,0.7158176943699732,0.8488372093023255,0.7488262910798122,0.7698924731182796,0.8386123680241327,0.8123324396782842,0.806970509383378,0.7882037533512064,0.7908847184986595,0.8042895442359249,0.8150134048257373,0.6943699731903485,0.6890080428954424,0.8042895442359249,0.7962466487935657,0.8042895442359249,0.7989276139410187,0.7721179624664879,0.710455764075067,0.7248908296943232,0.7724665391969407,0.7707231040564374,0.7238605898123325,0.8016085790884718,0.7613941018766756,0.8123324396782842,0.8150134048257373,0.8042895442359249,0.8016085790884718,0.7694369973190348,0.7855227882037533,0.8150134048257373,0.7372654155495979,0.806970509383378,0.806970509383378,0.6704761904761904,0.8042895442359249,0.6233009708737864,0.6260683760683761,0.6419753086419753,0.6143410852713178,0.6,0.6760299625468165,0.6177777777777778,0.5700245700245701,0.58679706601467,0.65,0.806970509383378,0.5871313672922251,0.5737265415549598,0.546916890080429,0.5522788203753352
test_java_org_apache_commons_compress_archivers_TarTestCase::testTarArchiveLongNameCreation.txt,0.7551342812006319,0.8878357030015798,0.665086887835703,0.6287519747235387,0.6445497630331753,0.6354009077155824,0.6524486571879937,0.7345971563981043,0.7393364928909952,0.5134281200631912,0.0,0.707740916271722,0.6097946287519748,0.7345971563981043,0.7582938388625592,0.6966824644549763,0.7709320695102686,0.8262243285939969,0.7045813586097947,0.8230647709320695,0.8009478672985783,0.8372827804107424,0.7932816537467701,0.8199052132701422,0.8088467614533965,0.8944193061840121,0.8641390205371248,0.8672985781990521,0.8799368088467614,0.8641390205371248,0.8625592417061612,0.8593996840442338,0.8120063191153238,0.8183254344391785,0.8688783570300158,0.8720379146919431,0.8751974723538705,0.8546603475513428,0.8736176935229067,0.8357030015797788,0.7883096366508688,0.7772511848341233,0.7725118483412322,0.8309636650868878,0.8593996840442338,0.8262243285939969,0.8325434439178515,0.8436018957345972,0.8246445497630331,0.8641390205371248,0.8404423380726699,0.8467614533965245,0.8641390205371248,0.8341232227488151,0.9052132701421801,0.8404423380726699,0.6903633491311216,0.8846761453396524,0.6808846761453397,0.7235387045813586,0.7235387045813586,0.6714060031595577,0.584518167456556,0.707740916271722,0.721958925750395,0.731437598736177,0.7598736176935229,0.7140600315955766,0.8988941548183255,0.740916271721959,0.7377567140600316,0.740916271721959,0.7488151658767772
test_java_org_apache_commons_compress_archivers_TarTestCase::testTarUnarchive.txt,0.6829268292682927,0.7597173144876325,0.45396825396825397,0.4853932584269663,0.44272445820433437,0.7019667170953101,0.4430769230769231,0.3652173913043478,0.4623955431754875,0.5013404825737265,0.707740916271722,0.0,0.6564019448946515,0.1978798586572438,0.6274509803921569,0.6963562753036437,0.5737179487179487,0.6360424028268551,0.7109515260323159,0.6678445229681979,0.826722338204593,0.6537102473498233,0.8656330749354005,0.7535211267605634,0.7720430107526882,0.8491704374057315,0.7137809187279152,0.7067137809187279,0.696113074204947,0.6925795053003534,0.7208480565371025,0.734982332155477,0.6686390532544378,0.6585365853658537,0.7137809187279152,0.7031802120141343,0.7208480565371025,0.6996466431095406,0.6819787985865724,0.709480122324159,0.7729257641921398,0.7992351816443595,0.8165784832451499,0.6864686468646864,0.7420494699646644,0.7491166077738516,0.734982332155477,0.7279151943462897,0.7420494699646644,0.734982332155477,0.6855123674911661,0.7314487632508834,0.7137809187279152,0.6890459363957597,0.7173144876325088,0.6890459363957597,0.6857142857142857,0.7703180212014135,0.6699029126213593,0.6517094017094017,0.6419753086419753,0.6492248062015504,0.682258064516129,0.700374531835206,0.6155555555555555,0.5823095823095823,0.6136919315403423,0.675,0.734982332155477,0.38162544169611307,0.44876325088339225,0.4558303886925795,0.392226148409894
test_java_org_apache_commons_compress_archivers_ZipTestCase::testZipArchiveCreation.txt,0.7552674230145867,0.8752025931928687,0.6434359805510534,0.5542949756888168,0.6110210696920584,0.5219364599092284,0.6094003241491086,0.6337115072933549,0.6645056726094003,0.6450567260940032,0.6097946287519748,0.6564019448946515,0.0,0.6223662884927067,0.6969205834683955,0.6628849270664505,0.7763371150729336,0.8217179902755267,0.700162074554295,0.8233387358184765,0.839546191247974,0.8184764991896273,0.8320413436692506,0.7860615883306321,0.8022690437601296,0.9049773755656109,0.8525121555915721,0.8508914100486223,0.8606158833063209,0.8525121555915721,0.8703403565640194,0.86709886547812,0.7909238249594813,0.8055105348460292,0.8768233387358185,0.8654781199351702,0.8719611021069692,0.8606158833063209,0.8168557536466775,0.7974068071312804,0.7714748784440842,0.7568881685575365,0.7585089141004863,0.8314424635332253,0.8314424635332253,0.8379254457050244,0.873581847649919,0.8525121555915721,0.8152350081037277,0.8217179902755267,0.8460291734197731,0.8492706645056726,0.8638573743922204,0.7941653160453809,0.8492706645056726,0.8249594813614263,0.5980551053484603,0.8719611021069692,0.5786061588330632,0.6158833063209076,0.6191247974068071,0.6256077795786061,0.5903225806451613,0.6175040518638574,0.6726094003241491,0.653160453808752,0.6515397082658023,0.6012965964343598,0.873581847649919,0.7017828200972447,0.7244732576985413,0.7115072933549432,0.6920583468395461
test_java_org_apache_commons_compress_archivers_ZipTestCase::testZipUnarchive.txt,0.6784922394678492,0.7526501766784452,0.47619047619047616,0.5056179775280899,0.43653250773993807,0.680786686838124,0.4523076923076923,0.3565217391304348,0.48746518105849584,0.5281501340482574,0.7345971563981043,0.1978798586572438,0.6223662884927067,0.0,0.6299019607843137,0.6821862348178138,0.5865384615384616,0.6431095406360424,0.7235188509874326,0.6678445229681979,0.8162839248434238,0.6537102473498233,0.8669250645994832,0.7511737089201878,0.7806451612903226,0.8597285067873304,0.6996466431095406,0.7067137809187279,0.6890459363957597,0.6890459363957597,0.7137809187279152,0.6925795053003534,0.6124260355029586,0.6280487804878049,0.7137809187279152,0.6925795053003534,0.7173144876325088,0.6925795053003534,0.6466431095406361,0.6574923547400612,0.7554585152838428,0.7782026768642447,0.781305114638448,0.66996699669967,0.6996466431095406,0.7031802120141343,0.7102473498233216,0.6819787985865724,0.7173144876325088,0.6749116607773852,0.6713780918727915,0.6925795053003534,0.7067137809187279,0.6678445229681979,0.7208480565371025,0.6607773851590106,0.6628571428571428,0.7491166077738516,0.6407766990291263,0.6217948717948718,0.6358024691358025,0.6531007751937985,0.6903225806451613,0.6704119850187266,0.6066666666666667,0.5921375921375921,0.5941320293398533,0.6480769230769231,0.7314487632508834,0.35335689045936397,0.4558303886925795,0.4628975265017668,0.3745583038869258
test_java_org_apache_commons_compress_archivers_cpio_CpioArchiveInputStreamTest::testCpioUnarchive.txt,0.7250554323725056,0.803921568627451,0.6838235294117647,0.6247191011235955,0.625,0.7186081694402421,0.6397058823529411,0.6544117647058824,0.6519607843137255,0.6568627450980392,0.7582938388625592,0.6274509803921569,0.6969205834683955,0.6299019607843137,0.0,0.6923076923076923,0.6617647058823529,0.7573529411764706,0.7666068222621185,0.7524509803921569,0.7995824634655533,0.7671568627450981,0.8630490956072352,0.755868544600939,0.7591397849462366,0.8793363499245852,0.8284313725490197,0.8063725490196079,0.8161764705882353,0.8259803921568627,0.8259803921568627,0.8480392156862745,0.7107843137254902,0.7254901960784313,0.8553921568627451,0.8529411764705882,0.8480392156862745,0.8259803921568627,0.8112745098039216,0.7279411764705882,0.7663755458515283,0.8126195028680688,0.8059964726631393,0.7549019607843137,0.8014705882352942,0.7794117647058824,0.8333333333333334,0.8235294117647058,0.7892156862745098,0.7818627450980392,0.7598039215686274,0.8259803921568627,0.8186274509803921,0.7671568627450981,0.8308823529411765,0.7818627450980392,0.7238095238095238,0.8382352941176471,0.654368932038835,0.6324786324786325,0.6584362139917695,0.6686046511627907,0.7467741935483871,0.7172284644194756,0.6622222222222223,0.6470588235294118,0.6454767726161369,0.7038461538461539,0.8382352941176471,0.6862745098039216,0.7328431372549019,0.7303921568627451,0.6838235294117647
test_java_org_apache_commons_compress_archivers_jar_JarArchiveOutputStreamTest::testJarMarker.txt,0.7024291497975709,0.8785425101214575,0.6821862348178138,0.6680161943319838,0.6781376518218624,0.7170953101361573,0.6619433198380567,0.6882591093117408,0.6882591093117408,0.6720647773279352,0.6966824644549763,0.6963562753036437,0.6628849270664505,0.6821862348178138,0.6923076923076923,0.0,0.7064777327935222,0.757085020242915,0.6068222621184919,0.7469635627530364,0.7591093117408907,0.7874493927125507,0.7984496124031008,0.7489878542510121,0.6983805668016194,0.8159879336349924,0.8137651821862348,0.8097165991902834,0.8036437246963563,0.8117408906882592,0.8097165991902834,0.8036437246963563,0.6720647773279352,0.6720647773279352,0.8279352226720648,0.8076923076923077,0.8137651821862348,0.8178137651821862,0.8218623481781376,0.6396761133603239,0.708502024291498,0.7055449330783938,0.7037037037037037,0.7307692307692307,0.8157894736842105,0.791497975708502,0.8178137651821862,0.8016194331983806,0.7813765182186235,0.8036437246963563,0.7611336032388664,0.7975708502024291,0.8178137651821862,0.7672064777327935,0.8117408906882592,0.7955465587044535,0.6666666666666666,0.8562753036437247,0.6174757281553398,0.6396761133603239,0.6417004048582996,0.6298449612403101,0.7048387096774194,0.6629213483146067,0.6356275303643725,0.6275303643724697,0.6214574898785425,0.65,0.854251012145749,0.742914979757085,0.7469635627530364,0.742914979757085,0.728744939271255
test_java_org_apache_commons_compress_archivers_memory_MemoryArchiveTestCase::testReading.txt,0.7361419068736141,0.7660256410256411,0.6031746031746031,0.6539325842696629,0.5851393188854489,0.7866868381240545,0.6030769230769231,0.6028985507246377,0.6295264623955432,0.6541554959785523,0.7709320695102686,0.5737179487179487,0.7763371150729336,0.5865384615384616,0.6617647058823529,0.7064777327935222,0.0,0.6923076923076923,0.748653500897666,0.7051282051282052,0.8037578288100209,0.7083333333333334,0.8695090439276486,0.7582159624413145,0.7913978494623656,0.8567119155354449,0.7243589743589743,0.7115384615384616,0.7724358974358975,0.7692307692307693,0.7852564102564102,0.75,0.6834319526627219,0.6676829268292683,0.7884615384615384,0.7756410256410257,0.7788461538461539,0.7724358974358975,0.7467948717948718,0.7155963302752294,0.7554585152838428,0.7782026768642447,0.7918871252204586,0.6506410256410257,0.7307692307692307,0.6891025641025641,0.7660256410256411,0.7307692307692307,0.7019230769230769,0.7243589743589743,0.6923076923076923,0.7371794871794872,0.7339743589743589,0.7211538461538461,0.7660256410256411,0.7083333333333334,0.7676190476190476,0.7884615384615384,0.7378640776699029,0.7200854700854701,0.7551440329218106,0.7403100775193798,0.7983870967741935,0.8052434456928839,0.7222222222222222,0.7027027027027027,0.7188264058679706,0.7461538461538462,0.7660256410256411,0.6217948717948718,0.6282051282051282,0.6442307692307693,0.6378205128205128
test_java_org_apache_commons_compress_archivers_tar_TarArchiveEntryTest::testFileSystemRoot.txt,0.7871396895787139,0.618421052631579,0.7015873015873015,0.7730337078651686,0.6811145510835913,0.8139183055975794,0.6923076923076923,0.7681159420289855,0.7437325905292479,0.7211796246648794,0.8262243285939969,0.6360424028268551,0.8217179902755267,0.6431095406360424,0.7573529411764706,0.757085020242915,0.6923076923076923,0.0,0.77737881508079,0.6802973977695167,0.8183716075156576,0.5863636363636363,0.8888888888888888,0.7793427230046949,0.821505376344086,0.8914027149321267,0.5657894736842105,0.5657894736842105,0.5592105263157895,0.5526315789473685,0.618421052631579,0.5855263157894737,0.7041420118343196,0.7012195121951219,0.6052631578947368,0.5657894736842105,0.618421052631579,0.5460526315789473,0.6397849462365591,0.709480122324159,0.7816593886462883,0.7934990439770554,0.8148148148148148,0.66996699669967,0.5796178343949044,0.6654275092936803,0.5561797752808989,0.55,0.6652892561983471,0.5652173913043478,0.6666666666666666,0.5497076023391813,0.535483870967742,0.5990566037735849,0.6368421052631579,0.5328947368421053,0.8514285714285714,0.631578947368421,0.8271844660194175,0.8012820512820513,0.831275720164609,0.812015503875969,0.8209677419354838,0.8614232209737828,0.8022222222222222,0.8058968058968059,0.8190709046454768,0.8384615384615385,0.5789473684210527,0.688212927756654,0.69140625,0.6941176470588235,0.6525096525096525
test_java_org_apache_commons_compress_archivers_tar_TarArchiveEntryTest::testTarFileWithFSRoot.txt,0.7684021543985637,0.8761220825852782,0.7396768402154399,0.7145421903052065,0.7271095152603232,0.7049924357034796,0.7612208258527827,0.7522441651705566,0.7468581687612208,0.7289048473967684,0.7045813586097947,0.7109515260323159,0.700162074554295,0.7235188509874326,0.7666068222621185,0.6068222621184919,0.748653500897666,0.77737881508079,0.0,0.800718132854578,0.800718132854578,0.822262118491921,0.8229974160206718,0.829443447037702,0.8025134649910234,0.8733031674208145,0.8563734290843806,0.8473967684021544,0.8473967684021544,0.8473967684021544,0.8563734290843806,0.8491921005385996,0.7360861759425493,0.7342908438061041,0.8491921005385996,0.8563734290843806,0.8563734290843806,0.8473967684021544,0.8384201077199281,0.7235188509874326,0.7917414721723519,0.7845601436265709,0.7848324514991182,0.8186714542190305,0.8402154398563735,0.8186714542190305,0.8581687612208259,0.8438061041292639,0.822262118491921,0.8456014362657092,0.8096947935368043,0.8473967684021544,0.8330341113105925,0.8240574506283662,0.8779174147217235,0.8527827648114902,0.7019748653500898,0.8509874326750448,0.6588868940754039,0.6768402154398564,0.7055655296229802,0.6750448833034112,0.7193548387096774,0.6983842010771992,0.7199281867145422,0.703770197486535,0.7127468581687613,0.6983842010771992,0.8509874326750448,0.7630161579892281,0.7737881508078994,0.7845601436265709,0.7522441651705566
test_java_org_apache_commons_compress_archivers_zip_AsiExtraFieldTest::testClone.txt,0.7671840354767184,0.7769516728624535,0.7396825396825397,0.7640449438202247,0.6811145510835913,0.8366111951588502,0.7292307692307692,0.7188405797101449,0.724233983286908,0.7050938337801609,0.8230647709320695,0.6678445229681979,0.8233387358184765,0.6678445229681979,0.7524509803921569,0.7469635627530364,0.7051282051282052,0.6802973977695167,0.800718132854578,0.0,0.7035490605427975,0.4684014869888476,0.7971576227390181,0.715962441314554,0.7462365591397849,0.8868778280542986,0.7286245353159851,0.758364312267658,0.7174721189591078,0.7360594795539034,0.7434944237918215,0.7100371747211895,0.742603550295858,0.7439024390243902,0.7360594795539034,0.7434944237918215,0.7472118959107806,0.7397769516728625,0.6877323420074349,0.7431192660550459,0.6790393013100436,0.6883365200764818,0.7336860670194003,0.6435643564356436,0.5650557620817844,0.5985130111524164,0.6654275092936803,0.6617100371747212,0.5985130111524164,0.5762081784386617,0.6394052044609665,0.6617100371747212,0.6840148698884758,0.6171003717472119,0.6802973977695167,0.6617100371747212,0.8171428571428572,0.7695167286245354,0.7922330097087379,0.7735042735042735,0.7839506172839507,0.7926356589147286,0.8193548387096774,0.8314606741573034,0.7577777777777778,0.7567567567567568,0.7628361858190709,0.8134615384615385,0.7546468401486989,0.6951672862453532,0.6765799256505576,0.6617100371747212,0.6877323420074349
test_java_org_apache_commons_compress_archivers_zip_AsiExtraFieldTest::testContent.txt,0.8517745302713987,0.8935281837160751,0.826722338204593,0.8413361169102297,0.8121085594989561,0.8426626323751891,0.8288100208768268,0.8392484342379958,0.8496868475991649,0.778705636743215,0.8009478672985783,0.826722338204593,0.839546191247974,0.8162839248434238,0.7995824634655533,0.7591093117408907,0.8037578288100209,0.8183716075156576,0.800718132854578,0.7035490605427975,0.0,0.6931106471816284,0.6149870801033591,0.6075156576200418,0.6743215031315241,0.8763197586726998,0.8517745302713987,0.8580375782881002,0.8350730688935282,0.8288100208768268,0.8329853862212944,0.826722338204593,0.7974947807933194,0.8121085594989561,0.8580375782881002,0.8580375782881002,0.8663883089770354,0.8559498956158664,0.824634655532359,0.8016701461377871,0.6868475991649269,0.6845124282982792,0.7125220458553791,0.7432150313152401,0.824634655532359,0.791231732776618,0.7724425887265136,0.7974947807933194,0.7578288100208769,0.8288100208768268,0.7849686847599165,0.7891440501043842,0.7974947807933194,0.7390396659707724,0.8288100208768268,0.8475991649269311,0.8419047619047619,0.8663883089770354,0.8310679611650486,0.7891440501043842,0.7962962962962963,0.8197674418604651,0.8274193548387097,0.8426966292134831,0.8225469728601252,0.8329853862212944,0.8455114822546973,0.8307692307692308,0.8663883089770354,0.8162839248434238,0.8183716075156576,0.81419624217119,0.8183716075156576
test_java_org_apache_commons_compress_archivers_zip_AsiExtraFieldTest::testModes.txt,0.7583148558758315,0.7318181818181818,0.7428571428571429,0.7865168539325843,0.7120743034055728,0.8396369137670197,0.7015384615384616,0.7536231884057971,0.7576601671309192,0.7158176943699732,0.8372827804107424,0.6537102473498233,0.8184764991896273,0.6537102473498233,0.7671568627450981,0.7874493927125507,0.7083333333333334,0.5863636363636363,0.822262118491921,0.4684014869888476,0.6931106471816284,0.0,0.7842377260981912,0.7206572769953051,0.7247311827956989,0.8717948717948718,0.7136363636363636,0.6772727272727272,0.6545454545454545,0.6681818181818182,0.6636363636363637,0.6545454545454545,0.7100591715976331,0.7134146341463414,0.6909090909090909,0.6954545454545454,0.7318181818181818,0.6727272727272727,0.6227272727272727,0.7064220183486238,0.6921397379912664,0.6959847036328872,0.7301587301587301,0.6402640264026402,0.6136363636363636,0.587360594795539,0.5727272727272728,0.5863636363636363,0.5330578512396694,0.5818181818181818,0.5795454545454546,0.5545454545454546,0.6181818181818182,0.4909090909090909,0.6272727272727273,0.5954545454545455,0.8,0.7,0.7902912621359224,0.7905982905982906,0.7962962962962963,0.7965116279069767,0.8274193548387097,0.8277153558052435,0.7688888888888888,0.7641277641277642,0.7579462102689487,0.7942307692307692,0.7045454545454546,0.6387832699619772,0.65234375,0.6392156862745098,0.6138996138996139
test_java_org_apache_commons_compress_archivers_zip_AsiExtraFieldTest::testReparse.txt,0.8372093023255814,0.917312661498708,0.8591731266149871,0.8552971576227391,0.8462532299741602,0.8023255813953488,0.8669250645994832,0.8746770025839793,0.8643410852713178,0.8488372093023255,0.7932816537467701,0.8656330749354005,0.8320413436692506,0.8669250645994832,0.8630490956072352,0.7984496124031008,0.8695090439276486,0.8888888888888888,0.8229974160206718,0.7971576227390181,0.6149870801033591,0.7842377260981912,0.0,0.7971576227390181,0.7248062015503876,0.8708010335917312,0.8940568475452196,0.8888888888888888,0.8901808785529716,0.8914728682170543,0.8811369509043928,0.8824289405684754,0.8436692506459949,0.8578811369509044,0.900516795865633,0.8953488372093024,0.8888888888888888,0.8927648578811369,0.8888888888888888,0.8552971576227391,0.7674418604651163,0.7454780361757106,0.7390180878552972,0.8436692506459949,0.8875968992248062,0.8488372093023255,0.8656330749354005,0.872093023255814,0.8462532299741602,0.8850129198966409,0.8397932816537468,0.8656330749354005,0.875968992248062,0.8423772609819121,0.8824289405684754,0.8695090439276486,0.8540051679586563,0.9147286821705426,0.8320413436692506,0.8333333333333334,0.8242894056847545,0.8294573643410853,0.8126614987080103,0.8462532299741602,0.8372093023255814,0.8540051679586563,0.8578811369509044,0.8423772609819121,0.9108527131782945,0.8733850129198967,0.872093023255814,0.8888888888888888,0.8772609819121447
