File,test_java_org_apache_commons_compress_DetectArchiverTestCase::notyettestArchives.txt,test_java_org_apache_commons_compress_DetectArchiverTestCase::testDetection.txt,test_java_org_apache_commons_compress_DetectArchiverTestCase::testEmptyArArchive.txt,test_java_org_apache_commons_compress_DetectArchiverTestCase::testEmptyCpioArchive.txt,test_java_org_apache_commons_compress_DetectArchiverTestCase::testEmptyJarArchive.txt,test_java_org_apache_commons_compress_DetectArchiverTestCase::testEmptyTarArchive.txt,test_java_org_apache_commons_compress_DetectArchiverTestCase::testEmptyZipArchive.txt,test_java_org_apache_commons_compress_DetectCompressorTestCase::testDetection.txt,test_java_org_apache_commons_compress_archivers_ArTestCase::testArArchiveCreation.txt,test_java_org_apache_commons_compress_archivers_ArTestCase::testArDelete.txt,test_java_org_apache_commons_compress_archivers_ArTestCase::testArUnarchive.txt,test_java_org_apache_commons_compress_archivers_CpioTestCase::testCpioArchiveCreation.txt,test_java_org_apache_commons_compress_archivers_CpioTestCase::testCpioUnarchive.txt,test_java_org_apache_commons_compress_archivers_JarTestCase::testJarArchiveCreation.txt,test_java_org_apache_commons_compress_archivers_JarTestCase::testJarUnarchive.txt,test_java_org_apache_commons_compress_archivers_JarTestCase::testJarUnarchiveAll.txt,test_java_org_apache_commons_compress_archivers_TarTestCase::testTarArchiveCreation.txt,test_java_org_apache_commons_compress_archivers_TarTestCase::testTarArchiveLongNameCreation.txt,test_java_org_apache_commons_compress_archivers_TarTestCase::testTarUnarchive.txt,test_java_org_apache_commons_compress_archivers_ZipTestCase::testZipArchiveCreation.txt,test_java_org_apache_commons_compress_archivers_ZipTestCase::testZipUnarchive.txt,test_java_org_apache_commons_compress_archivers_cpio_CpioArchiveInputStreamTest::testCpioUnarchive.txt,test_java_org_apache_commons_compress_archivers_jar_JarArchiveOutputStreamTest::testJarMarker.txt,test_java_org_apache_commons_compress_archivers_memory_MemoryArchiveTestCase::testReading.txt,test_java_org_apache_commons_compress_archivers_tar_TarArchiveEntryTest::testFileSystemRoot.txt,test_java_org_apache_commons_compress_archivers_tar_TarArchiveEntryTest::testTarFileWithFSRoot.txt,test_java_org_apache_commons_compress_archivers_zip_AsiExtraFieldTest::testClone.txt,test_java_org_apache_commons_compress_archivers_zip_AsiExtraFieldTest::testContent.txt,test_java_org_apache_commons_compress_archivers_zip_AsiExtraFieldTest::testModes.txt,test_java_org_apache_commons_compress_archivers_zip_AsiExtraFieldTest::testReparse.txt,test_java_org_apache_commons_compress_archivers_zip_ExtraFieldUtilsTest::testMerge.txt,test_java_org_apache_commons_compress_archivers_zip_ExtraFieldUtilsTest::testParse.txt,test_java_org_apache_commons_compress_archivers_zip_TestZipEncodings::testNioCp1252Encoding.txt,test_java_org_apache_commons_compress_archivers_zip_TestZipEncodings::testSimpleCp437Encoding.txt,test_java_org_apache_commons_compress_archivers_zip_TestZipEncodings::testSimpleCp850Encoding.txt,test_java_org_apache_commons_compress_archivers_zip_UTF8ZipFilesTest::testASCIIFileRoundtripExplicitUnicodeExtra.txt,test_java_org_apache_commons_compress_archivers_zip_UTF8ZipFilesTest::testASCIIFileRoundtripImplicitUnicodeExtra.txt,test_java_org_apache_commons_compress_archivers_zip_UTF8ZipFilesTest::testCP437FileRoundtripExplicitUnicodeExtra.txt,test_java_org_apache_commons_compress_archivers_zip_UTF8ZipFilesTest::testCP437FileRoundtripImplicitUnicodeExtra.txt,test_java_org_apache_commons_compress_archivers_zip_UTF8ZipFilesTest::testRead7ZipArchive.txt,test_java_org_apache_commons_compress_archivers_zip_UTF8ZipFilesTest::testRead7ZipArchiveForStream.txt,test_java_org_apache_commons_compress_archivers_zip_UTF8ZipFilesTest::testReadWinZipArchive.txt,test_java_org_apache_commons_compress_archivers_zip_UTF8ZipFilesTest::testReadWinZipArchiveForStream.txt,test_java_org_apache_commons_compress_archivers_zip_UTF8ZipFilesTest::testUtf8FileRoundtripExplicitUnicodeExtra.txt,test_java_org_apache_commons_compress_archivers_zip_UTF8ZipFilesTest::testUtf8FileRoundtripImplicitUnicodeExtra.txt,test_java_org_apache_commons_compress_archivers_zip_UTF8ZipFilesTest::testUtf8FileRoundtripNoEFSExplicitUnicodeExtra.txt,test_java_org_apache_commons_compress_archivers_zip_UTF8ZipFilesTest::testUtf8FileRoundtripNoEFSImplicitUnicodeExtra.txt,test_java_org_apache_commons_compress_archivers_zip_UTF8ZipFilesTest::testUtf8Interoperability.txt,test_java_org_apache_commons_compress_archivers_zip_UTF8ZipFilesTest::testZipArchiveInputStreamReadsUnicodeFields.txt,test_java_org_apache_commons_compress_archivers_zip_UTF8ZipFilesTest::testZipFileReadsUnicodeFields.txt,test_java_org_apache_commons_compress_archivers_zip_ZipArchiveEntryTest::testAddAsFirstExtraField.txt,test_java_org_apache_commons_compress_archivers_zip_ZipArchiveEntryTest::testExtraFieldMerging.txt,test_java_org_apache_commons_compress_archivers_zip_ZipArchiveEntryTest::testExtraFields.txt,test_java_org_apache_commons_compress_archivers_zip_ZipArchiveEntryTest::testUnixMode.txt,test_java_org_apache_commons_compress_archivers_zip_ZipLongTest::testClone.txt,test_java_org_apache_commons_compress_archivers_zip_ZipLongTest::testEquals.txt,test_java_org_apache_commons_compress_archivers_zip_ZipLongTest::testFromBytes.txt,test_java_org_apache_commons_compress_archivers_zip_ZipLongTest::testSign.txt,test_java_org_apache_commons_compress_archivers_zip_ZipLongTest::testToBytes.txt,test_java_org_apache_commons_compress_archivers_zip_ZipShortTest::testClone.txt,test_java_org_apache_commons_compress_archivers_zip_ZipShortTest::testEquals.txt,test_java_org_apache_commons_compress_archivers_zip_ZipShortTest::testFromBytes.txt,test_java_org_apache_commons_compress_archivers_zip_ZipShortTest::testSign.txt,test_java_org_apache_commons_compress_archivers_zip_ZipShortTest::testToBytes.txt,test_java_org_apache_commons_compress_archivers_zip_ZipUtilTest::testAdjustToLong.txt,test_java_org_apache_commons_compress_archivers_zip_ZipUtilTest::testMinTime.txt,test_java_org_apache_commons_compress_archivers_zip_ZipUtilTest::testZipLong.txt,test_java_org_apache_commons_compress_changes_ChangeSetTestCase::testAddDeleteAdd.txt,test_java_org_apache_commons_compress_changes_ChangeSetTestCase::testAddDeleteToOneFileArchive.txt,test_java_org_apache_commons_compress_changes_ChangeSetTestCase::testAddMoveDelete.txt,test_java_org_apache_commons_compress_changes_ChangeSetTestCase::testAddToEmptyArchive.txt,test_java_org_apache_commons_compress_changes_ChangeSetTestCase::testDeleteAddDelete.txt,test_java_org_apache_commons_compress_changes_ChangeSetTestCase::testDeleteAddToOneFileArchive.txt,test_java_org_apache_commons_compress_changes_ChangeSetTestCase::testDeleteDir.txt,test_java_org_apache_commons_compress_changes_ChangeSetTestCase::testDeleteFile.txt,test_java_org_apache_commons_compress_changes_ChangeSetTestCase::testDeleteFromAndAddToJar.txt,test_java_org_apache_commons_compress_changes_ChangeSetTestCase::testDeleteFromAndAddToTar.txt,test_java_org_apache_commons_compress_changes_ChangeSetTestCase::testDeleteFromAndAddToZip.txt,test_java_org_apache_commons_compress_changes_ChangeSetTestCase::testDeleteFromJar.txt,test_java_org_apache_commons_compress_changes_ChangeSetTestCase::testDeleteFromTar.txt,test_java_org_apache_commons_compress_changes_ChangeSetTestCase::testDeleteFromZip.txt,test_java_org_apache_commons_compress_changes_ChangeSetTestCase::testDeletePlusAdd.txt,test_java_org_apache_commons_compress_changes_ChangeSetTestCase::testRenameAndDelete.txt,test_java_org_apache_commons_compress_compressors_BZip2TestCase::testBzip2Unarchive.txt,test_java_org_apache_commons_compress_compressors_BZip2TestCase::testBzipCreation.txt,test_java_org_apache_commons_compress_compressors_GZipTestCase::testGzipCreation.txt,test_java_org_apache_commons_compress_compressors_GZipTestCase::testGzipUnarchive.txt
test_java_org_apache_commons_compress_DetectArchiverTestCase::notyettestArchives.txt,0.0,0.6800401203610833,0.8917748917748918,0.8845598845598845,0.8874458874458875,0.886002886002886,0.8874458874458875,0.9321789321789322,0.7087912087912088,0.8211114764879973,0.6778523489932886,0.6996047430830039,0.7732664233576643,0.7198335644937587,0.666023166023166,0.8087818696883853,0.6989664082687338,0.7695673310646572,0.6911976911976911,0.7710843373493976,0.6810966810966811,0.6737089201877934,0.6755905511811023,0.8427128427128427,0.86002886002886,0.7676369018253577,0.7215007215007215,0.7160030052592036,0.7402597402597403,0.8423878711307644,0.6897506925207756,0.6659551760939167,0.893666927286943,0.8874458874458875,0.8874458874458875,0.86002886002886,0.86002886002886,0.8614718614718615,0.8614718614718615,0.6681096681096681,0.6854082998661312,0.6681096681096681,0.6822429906542056,0.862914862914863,0.862914862914863,0.86002886002886,0.86002886002886,0.7748917748917749,0.6522366522366523,0.6524547803617571,0.7266566265060241,0.7525252525252525,0.7625201938610663,0.7160278745644599,0.8080808080808081,0.7431457431457431,0.8412698412698413,0.8571428571428571,0.7316017316017316,0.8051948051948052,0.7402597402597403,0.8441558441558441,0.8643578643578643,0.7662337662337663,0.7431457431457431,0.7691197691197691,0.8441558441558441,0.6713164777680907,0.6802827965435978,0.922077922077922,0.6898395721925134,0.6725888324873096,0.7033595425303788,0.6454445664105378,0.6416309012875536,0.6912804399057345,0.7297996121525533,0.6773648648648649,0.6634335596508244,0.6512651265126512,0.6544502617801047,0.6732249786142002,0.922077922077922,0.7316017316017316,0.7835497835497836,0.784992784992785,0.7316017316017316
test_java_org_apache_commons_compress_DetectArchiverTestCase::testDetection.txt,0.6800401203610833,0.0,0.9197592778335005,0.917753259779338,0.9187562688064193,0.9147442326980942,0.917753259779338,0.9518555667001003,0.6379137412236711,0.7806642551792173,0.6420581655480985,0.6409227683049148,0.7203467153284672,0.6599799398194583,0.6862934362934363,0.6990972918756269,0.6529588766298897,0.7209528439474964,0.679037111334002,0.7267469879518073,0.6619859578736209,0.6810431293881645,0.6661417322834645,0.695085255767302,0.8796389167502507,0.7286630488406513,0.6870611835506519,0.7513148009015778,0.7763289869608826,0.8202779532533165,0.7460757156048015,0.728184553660983,0.8921032056293979,0.9157472417251755,0.9157472417251755,0.8936810431293881,0.892678034102307,0.8966900702106319,0.8966900702106319,0.7321965897693079,0.6900702106318957,0.7321965897693079,0.6930792377131394,0.8946840521564694,0.8946840521564694,0.8936810431293881,0.892678034102307,0.8294884653961886,0.7121364092276831,0.6900702106318957,0.6905120481927711,0.7209595959595959,0.7269789983844911,0.7081881533101045,0.835506519558676,0.7311935807422267,0.8676028084252758,0.8866599799398195,0.7502507522567703,0.8284854563691073,0.720160481444333,0.8665997993981945,0.8916750250752257,0.802407221664995,0.7803410230692076,0.8134403209628887,0.872617853560682,0.6678291194420227,0.6645718774548312,0.9518555667001003,0.6783804430863254,0.6641285956006768,0.6790564689063617,0.6680040120361084,0.6770310932798396,0.6645718774548312,0.6709760827407886,0.6722972972972973,0.6876818622696411,0.6680040120361084,0.6780341023069207,0.6715141146278871,0.9488465396188566,0.7161484453360081,0.7502507522567703,0.7673019057171514,0.7171514543630892
test_java_org_apache_commons_compress_DetectArchiverTestCase::testEmptyArArchive.txt,0.8917748917748918,0.9197592778335005,0.0,0.18085106382978725,0.13043478260869565,0.08333333333333333,0.16304347826086957,0.5280898876404494,0.8956043956043956,0.9717198290036172,0.9381058911260254,0.8998682476943346,0.9607664233576643,0.8932038834951457,0.9237451737451737,0.8937677053824362,0.9018087855297158,0.9591638308215849,0.8450413223140496,0.9575903614457831,0.8487903225806451,0.9084507042253521,0.9362204724409449,0.8966521106259098,0.6482758620689655,0.9590527873704983,0.891156462585034,0.9459053343350864,0.8328445747800587,0.9740998104864181,0.9307479224376731,0.9210245464247598,0.9822778212144905,0.42727272727272725,0.42727272727272725,0.5815602836879432,0.5845070422535211,0.5797101449275363,0.5827338129496403,0.8592870544090057,0.8969210174029452,0.8598130841121495,0.897196261682243,0.5735294117647058,0.5766423357664233,0.5915492957746479,0.5944055944055944,0.7327935222672065,0.8856682769726248,0.9069767441860465,0.9420180722891566,0.9494949494949495,0.9569197630586969,0.9372822299651568,0.7866666666666666,0.8794466403162056,0.7611940298507462,0.7650273224043715,0.8665105386416861,0.777292576419214,0.874251497005988,0.7379679144385026,0.7105263157894737,0.8233333333333334,0.8582677165354331,0.7986111111111112,0.6513157894736842,0.9311246730601569,0.9363707776904949,0.5056179775280899,0.9343009931245225,0.9331641285956007,0.9399571122230165,0.9154774972557629,0.9152360515021459,0.9355852317360566,0.9463477698771816,0.9324324324324325,0.9243452958292919,0.9163916391639164,0.9204188481675393,0.932420872540633,0.5056179775280899,0.8386363636363636,0.8456057007125891,0.8333333333333334,0.844097995545657
test_java_org_apache_commons_compress_DetectArchiverTestCase::testEmptyCpioArchive.txt,0.8845598845598845,0.917753259779338,0.18085106382978725,0.0,0.0851063829787234,0.125,0.06382978723404255,0.5531914893617021,0.885989010989011,0.9704044722130878,0.9351230425055929,0.8906455862977603,0.958941605839416,0.8848821081830791,0.918918918918919,0.8937677053824362,0.8992248062015504,0.95770539620807,0.8429752066115702,0.9571084337349398,0.844758064516129,0.9061032863849765,0.9330708661417323,0.8893740902474527,0.6344827586206897,0.9575727676369018,0.8877551020408163,0.9444027047332832,0.8211143695014663,0.9728363866077069,0.9270544783010157,0.9188900747065102,0.981495960385718,0.39090909090909093,0.39090909090909093,0.5602836879432624,0.5563380281690141,0.5579710144927537,0.5539568345323741,0.8555347091932458,0.8942436412315931,0.8542056074766355,0.8931909212283045,0.5514705882352942,0.5474452554744526,0.5633802816901409,0.5594405594405595,0.7246963562753036,0.8824476650563607,0.9031007751937985,0.9397590361445783,0.9482323232323232,0.9553042541733979,0.9355400696864111,0.7644444444444445,0.8675889328063241,0.7562189054726368,0.7431693989071039,0.8548009367681498,0.759825327510917,0.8622754491017964,0.7272727272727273,0.6973684210526315,0.8033333333333333,0.8451443569553806,0.7951388888888888,0.6513157894736842,0.927637314734089,0.9332285938727416,0.5319148936170213,0.9343009931245225,0.9297800338409475,0.9392423159399571,0.9110867178924259,0.9130901287553648,0.9340141398271798,0.945054945054945,0.9290540540540541,0.9214354995150339,0.911991199119912,0.9141361256544502,0.9289991445680068,0.5319148936170213,0.8386363636363636,0.8479809976247031,0.8359788359788359,0.8418708240534521
test_java_org_apache_commons_compress_DetectArchiverTestCase::testEmptyJarArchive.txt,0.8874458874458875,0.9187562688064193,0.13043478260869565,0.0851063829787234,0.0,0.0625,0.06521739130434782,0.5434782608695652,0.8901098901098901,0.9713909898059849,0.9373601789709173,0.8945981554677207,0.9607664233576643,0.8890429958391124,0.9218146718146718,0.8895184135977338,0.8992248062015504,0.9586776859504132,0.8409090909090909,0.9580722891566265,0.844758064516129,0.9096244131455399,0.9338582677165355,0.8908296943231441,0.6206896551724138,0.9575727676369018,0.891156462585034,0.9451540195341849,0.8240469208211144,0.9734680985470625,0.9261311172668514,0.919957310565635,0.9817565806619755,0.41818181818181815,0.41818181818181815,0.5602836879432624,0.5563380281690141,0.5507246376811594,0.5539568345323741,0.8574108818011257,0.8955823293172691,0.8579439252336448,0.8958611481975968,0.5514705882352942,0.5474452554744526,0.5633802816901409,0.5664335664335665,0.7327935222672065,0.8840579710144928,0.9031007751937985,0.9405120481927711,0.9494949494949495,0.9563812600969306,0.936411149825784,0.7688888888888888,0.8715415019762845,0.746268656716418,0.7486338797814208,0.8548009367681498,0.7641921397379913,0.8682634730538922,0.7219251336898396,0.6973684210526315,0.81,0.8451443569553806,0.8020833333333334,0.6381578947368421,0.9293809938971229,0.9347996857816182,0.5217391304347826,0.9358288770053476,0.9314720812182741,0.9406719085060757,0.9132821075740944,0.9141630901287554,0.9355852317360566,0.945054945054945,0.9307432432432432,0.9233753637245393,0.9152915291529153,0.9172774869109948,0.93071000855432,0.5217391304347826,0.8386363636363636,0.8479809976247031,0.8359788359788359,0.844097995545657
test_java_org_apache_commons_compress_DetectArchiverTestCase::testEmptyTarArchive.txt,0.886002886002886,0.9147442326980942,0.08333333333333333,0.125,0.0625,0.0,0.10416666666666667,0.5625,0.8901098901098901,0.9704044722130878,0.9351230425055929,0.8945981554677207,0.9593978102189781,0.8890429958391124,0.9208494208494209,0.8909348441926346,0.896640826873385,0.9572192513368984,0.8388429752066116,0.9566265060240964,0.842741935483871,0.9061032863849765,0.9338582677165355,0.8893740902474527,0.6275862068965518,0.9565860878145042,0.8894557823129252,0.9429000751314801,0.8299120234604106,0.9722046746683513,0.925207756232687,0.9188900747065102,0.982017200938233,0.44545454545454544,0.44545454545454544,0.5815602836879432,0.5845070422535211,0.5797101449275363,0.5827338129496403,0.8536585365853658,0.892904953145917,0.8542056074766355,0.8931909212283045,0.5735294117647058,0.5766423357664233,0.5915492957746479,0.5944055944055944,0.728744939271255,0.8824476650563607,0.9018087855297158,0.9397590361445783,0.9488636363636364,0.9558427571351642,0.9355400696864111,0.7777777777777778,0.8774703557312253,0.7562189054726368,0.7595628415300546,0.8618266978922716,0.7729257641921398,0.872255489021956,0.732620320855615,0.7105263157894737,0.8166666666666667,0.8503937007874016,0.7951388888888888,0.6578947368421053,0.9285091543156059,0.9316575019638649,0.5416666666666666,0.932009167303285,0.9306260575296108,0.9363831308077198,0.9121844127332601,0.9130901287553648,0.9347996857816182,0.9437621202327084,0.9290540540540541,0.9243452958292919,0.9152915291529153,0.9183246073298429,0.9298545765611634,0.5416666666666666,0.8363636363636363,0.8479809976247031,0.8333333333333334,0.8418708240534521
test_java_org_apache_commons_compress_DetectArchiverTestCase::testEmptyZipArchive.txt,0.8874458874458875,0.917753259779338,0.16304347826086957,0.06382978723404255,0.06521739130434782,0.10416666666666667,0.0,0.5434782608695652,0.8901098901098901,0.9713909898059849,0.9373601789709173,0.8945981554677207,0.9607664233576643,0.8890429958391124,0.9218146718146718,0.8951841359773371,0.8992248062015504,0.9581915410792416,0.8450413223140496,0.9580722891566265,0.842741935483871,0.9096244131455399,0.9338582677165355,0.893740902474527,0.6344827586206897,0.9580661075481006,0.891156462585034,0.9451540195341849,0.8269794721407625,0.9737839545167404,0.9279778393351801,0.919957310565635,0.9817565806619755,0.41818181818181815,0.41818181818181815,0.5531914893617021,0.5563380281690141,0.5507246376811594,0.5539568345323741,0.849906191369606,0.891566265060241,0.8504672897196262,0.8918558077436582,0.5441176470588235,0.5474452554744526,0.5633802816901409,0.5664335664335665,0.7165991902834008,0.8808373590982287,0.9043927648578811,0.9382530120481928,0.9482323232323232,0.9547657512116317,0.9337979094076655,0.7644444444444445,0.8675889328063241,0.7512437810945274,0.7377049180327869,0.8548009367681498,0.7554585152838428,0.8602794411177644,0.7272727272727273,0.6907894736842105,0.8033333333333333,0.847769028871391,0.7951388888888888,0.631578947368421,0.9285091543156059,0.9332285938727416,0.5217391304347826,0.935064935064935,0.9306260575296108,0.9392423159399571,0.9110867178924259,0.9130901287553648,0.9355852317360566,0.9463477698771816,0.9307432432432432,0.9233753637245393,0.9141914191419142,0.9162303664921466,0.9298545765611634,0.5217391304347826,0.8363636363636363,0.838479809976247,0.8333333333333334,0.844097995545657
test_java_org_apache_commons_compress_DetectCompressorTestCase::testDetection.txt,0.9321789321789322,0.9518555667001003,0.5280898876404494,0.5531914893617021,0.5434782608695652,0.5625,0.5434782608695652,0.0,0.9381868131868132,0.9842157185136469,0.9664429530201343,0.9393939393939394,0.978558394160584,0.9361997226074896,0.9555984555984556,0.9362606232294618,0.9405684754521964,0.9766650461837627,0.9111570247933884,0.9773493975903614,0.9133064516129032,0.9471830985915493,0.962992125984252,0.9359534206695779,0.7724137931034483,0.9768130241736557,0.9285714285714286,0.9654395191585274,0.8826979472140762,0.9848389134554643,0.9566020313942751,0.9509071504802561,0.9893145686734428,0.6181818181818182,0.6181818181818182,0.6808510638297872,0.6830985915492958,0.6739130434782609,0.6762589928057554,0.9212007504690432,0.9410977242302544,0.9214953271028037,0.9412550066755674,0.6691176470588235,0.6715328467153284,0.6830985915492958,0.6853146853146853,0.8299595141700404,0.92914653784219,0.9444444444444444,0.963855421686747,0.9696969696969697,0.9741518578352181,0.9625435540069687,0.8488888888888889,0.9229249011857708,0.8258706467661692,0.8306010928961749,0.9110070257611241,0.8427947598253275,0.9181636726546906,0.8128342245989305,0.7960526315789473,0.8766666666666667,0.89501312335958,0.8680555555555556,0.75,0.958151700087184,0.9622937941869599,0.2857142857142857,0.9640947288006112,0.9593908629441624,0.9656897784131523,0.9495060373216246,0.9495708154506438,0.9630793401413983,0.9702650290885585,0.9594594594594594,0.9553831231813773,0.9493949394939494,0.9518324607329843,0.9589392643284859,0.29310344827586204,0.9045454545454545,0.8931116389548693,0.8809523809523809,0.9064587973273942
test_java_org_apache_commons_compress_archivers_ArTestCase::testArArchiveCreation.txt,0.7087912087912088,0.6379137412236711,0.8956043956043956,0.885989010989011,0.8901098901098901,0.8901098901098901,0.8901098901098901,0.9381868131868132,0.0,0.767510687273923,0.4697986577181208,0.05401844532279315,0.6934306569343066,0.12912087912087913,0.61003861003861,0.6538461538461539,0.3979328165374677,0.6985901798736023,0.5,0.6771084337349398,0.4835164835164835,0.6784037558685446,0.7141732283464567,0.7870879120879121,0.8379120879120879,0.7755303404045387,0.6854395604395604,0.7911344853493614,0.7239010989010989,0.8626026531901453,0.7220683287165282,0.7139807897545357,0.9053948397185301,0.8901098901098901,0.8901098901098901,0.853021978021978,0.8502747252747253,0.8557692307692307,0.853021978021978,0.6978021978021978,0.6987951807228916,0.6978021978021978,0.7009345794392523,0.853021978021978,0.8516483516483516,0.8502747252747253,0.8475274725274725,0.7596153846153846,0.7019230769230769,0.6770025839793282,0.7319277108433735,0.7588383838383839,0.7759827679052235,0.7325783972125436,0.7843406593406593,0.7046703296703297,0.8269230769230769,0.8475274725274725,0.7129120879120879,0.7802197802197802,0.6978021978021978,0.8241758241758241,0.8543956043956044,0.7554945054945055,0.760989010989011,0.7774725274725275,0.8310439560439561,0.6469049694856146,0.6692851531814611,0.929945054945055,0.6844919786096256,0.6556683587140439,0.6976411722659042,0.6289791437980241,0.6330472103004292,0.6834249803613511,0.709114414996768,0.6469594594594594,0.6605237633365665,0.6226622662266227,0.6324607329842932,0.6535500427715997,0.9271978021978022,0.5659340659340659,0.5796703296703297,0.603021978021978,0.570054945054945
test_java_org_apache_commons_compress_archivers_ArTestCase::testArDelete.txt,0.8211114764879973,0.7806642551792173,0.9717198290036172,0.9704044722130878,0.9713909898059849,0.9704044722130878,0.9713909898059849,0.9842157185136469,0.767510687273923,0.0,0.5879644853666557,0.766524169681026,0.5478461032555081,0.7855968431437027,0.727063465965143,0.8250575468595857,0.7846103255508057,0.6968102597829662,0.8539953962512331,0.5346925353502138,0.8493916474843801,0.802367642222953,0.7079907925024663,0.847418612298586,0.9559355475172641,0.6254521538967445,0.8625452153896744,0.7237750739888195,0.9102268990463663,0.7049905243209097,0.7898717527129234,0.7964485366655706,0.709147771696638,0.968760276224926,0.968760276224926,0.9588951002959553,0.9579085827030582,0.9602104570864847,0.9602104570864847,0.8747122657020717,0.8178230845116737,0.8733969089115422,0.8171654061164091,0.95955277869122,0.9588951002959553,0.9585662610983229,0.9579085827030582,0.9332456428806314,0.8513646826701743,0.8092732653732325,0.7560013153567905,0.7369286418941138,0.7148964156527458,0.7770470240052614,0.9342321604735284,0.887865833607366,0.9500164419598817,0.9539625123314699,0.898059848733969,0.9312726076948372,0.8842486024334101,0.9493587635646169,0.9579085827030582,0.9200920749753371,0.9085827030582045,0.9256823413350871,0.9546201907267347,0.7267346267675107,0.713252219664584,0.9822426833278527,0.7171982900361723,0.7244327523840842,0.7099638276882605,0.7632357777047024,0.7625780993094377,0.72245971719829,0.6754357119368629,0.7296941795462019,0.7477803354159815,0.767510687273923,0.7612627425189082,0.7273923051627754,0.9815850049325879,0.8747122657020717,0.8845774416310425,0.8951002959552778,0.8720815521210128
test_java_org_apache_commons_compress_archivers_ArTestCase::testArUnarchive.txt,0.6778523489932886,0.6420581655480985,0.9381058911260254,0.9351230425055929,0.9373601789709173,0.9351230425055929,0.9373601789709173,0.9664429530201343,0.4697986577181208,0.5879644853666557,0.0,0.46830723340790453,0.43385036496350365,0.5272184936614467,0.5048471290082028,0.6442953020134228,0.5659955257270693,0.5853184248906174,0.6771066368381805,0.48240963855421687,0.662938105891126,0.6890380313199105,0.6480238627889635,0.7598806860551827,0.9052945563012678,0.6492353231376419,0.750186428038777,0.7651006711409396,0.8307233407904548,0.786481364497789,0.7181208053691275,0.703206562266965,0.8449309356267918,0.9328859060402684,0.9328859060402684,0.9112602535421327,0.9097688292319165,0.9149888143176734,0.9134973900074571,0.7606263982102909,0.6912751677852349,0.761372110365399,0.6912751677852349,0.9120059656972409,0.9112602535421327,0.9105145413870246,0.9097688292319165,0.8657718120805369,0.7330350484712901,0.6964951528709918,0.7345264727815063,0.7323232323232324,0.7097469036079699,0.7278150633855331,0.8717375093214019,0.7882177479492916,0.8970917225950783,0.906785980611484,0.8098434004474273,0.8672632363907532,0.7844891871737509,0.8956002982848621,0.9120059656972409,0.8501118568232662,0.8277404921700223,0.854586129753915,0.9030574198359433,0.6539895600298284,0.6785980611483967,0.9619686800894854,0.7084265473527218,0.6562266964951529,0.7005003573981415,0.656972408650261,0.6599552572706935,0.6838180462341537,0.6438267614738203,0.6607009694258016,0.6636838180462341,0.6539895600298284,0.6457867263236391,0.6442953020134228,0.9604772557792692,0.7240865026099925,0.7583892617449665,0.7844891871737509,0.7158836689038032
test_java_org_apache_commons_compress_archivers_CpioTestCase::testCpioArchiveCreation.txt,0.6996047430830039,0.6409227683049148,0.8998682476943346,0.8906455862977603,0.8945981554677207,0.8945981554677207,0.8945981554677207,0.9393939393939394,0.05401844532279315,0.766524169681026,0.46830723340790453,0.0,0.6747262773722628,0.16205533596837945,0.6052123552123552,0.6350461133069829,0.437984496124031,0.6981040350024307,0.5111989459815547,0.6698795180722892,0.4901185770750988,0.6772300469483568,0.710236220472441,0.7602108036890646,0.8432147562582345,0.7710902812037493,0.686429512516469,0.7843726521412472,0.7285902503293807,0.8591282375236892,0.7220683287165282,0.7182497331910352,0.9027886369559551,0.8906455862977603,0.8906455862977603,0.857707509881423,0.8563899868247694,0.8603425559947299,0.8590250329380764,0.7048748353096179,0.696969696969697,0.7035573122529645,0.696969696969697,0.857707509881423,0.8563899868247694,0.855072463768116,0.8537549407114624,0.7681159420289855,0.6930171277997365,0.6925064599483204,0.7281626506024096,0.7550505050505051,0.7673667205169629,0.730836236933798,0.7865612648221344,0.7127799736495388,0.83399209486166,0.852437417654809,0.7220026350461133,0.7852437417654808,0.7061923583662714,0.8313570487483531,0.8590250329380764,0.7628458498023716,0.766798418972332,0.7839262187088274,0.83399209486166,0.6355710549258936,0.6559308719560094,0.932806324110672,0.6768525592055004,0.643824027072758,0.688348820586133,0.6322722283205269,0.6341201716738197,0.6834249803613511,0.713639301874596,0.6342905405405406,0.6605237633365665,0.6413641364136413,0.6303664921465969,0.6432848588537211,0.930171277997365,0.5797101449275363,0.5876152832674572,0.6179183135704874,0.5638998682476943
test_java_org_apache_commons_compress_archivers_CpioTestCase::testCpioUnarchive.txt,0.7732664233576643,0.7203467153284672,0.9607664233576643,0.958941605839416,0.9607664233576643,0.9593978102189781,0.9607664233576643,0.978558394160584,0.6934306569343066,0.5478461032555081,0.43385036496350365,0.6747262773722628,0.0,0.7103102189781022,0.6409671532846716,0.7531934306569343,0.7107664233576643,0.6427919708029197,0.7992700729927007,0.5109489051094891,0.7906021897810219,0.729470802919708,0.645529197080292,0.8047445255474452,0.9375,0.636405109489051,0.8097627737226277,0.6952554744525548,0.8763686131386861,0.7125710675931776,0.7404197080291971,0.7427007299270073,0.7745634610372687,0.9562043795620438,0.9562043795620438,0.9447992700729927,0.9443430656934306,0.9452554744525548,0.9447992700729927,0.8316605839416058,0.7641423357664233,0.8312043795620438,0.7632299270072993,0.9443430656934306,0.9438868613138686,0.9425182481751825,0.9425182481751825,0.9105839416058394,0.802007299270073,0.7572992700729927,0.6957116788321168,0.6820255474452555,0.6952554744525548,0.7139598540145985,0.9101277372262774,0.8471715328467153,0.9311131386861314,0.9375,0.8594890510948905,0.906934306569343,0.844434306569343,0.9302007299270073,0.9429744525547445,0.8905109489051095,0.8781934306569343,0.8991788321167883,0.9365875912408759,0.6824817518248175,0.6697080291970803,0.9758211678832117,0.6765510948905109,0.6788321167883211,0.6765510948905109,0.708941605839416,0.7107664233576643,0.6295620437956204,0.6090328467153284,0.6856751824817519,0.6738138686131386,0.6984489051094891,0.6934306569343066,0.6765510948905109,0.9744525547445255,0.8289233576642335,0.8467153284671532,0.8613138686131386,0.8220802919708029
test_java_org_apache_commons_compress_archivers_JarTestCase::testJarArchiveCreation.txt,0.7198335644937587,0.6599799398194583,0.8932038834951457,0.8848821081830791,0.8890429958391124,0.8890429958391124,0.8890429958391124,0.9361997226074896,0.12912087912087913,0.7855968431437027,0.5272184936614467,0.16205533596837945,0.7103102189781022,0.0,0.6177606177606177,0.6393897364771152,0.36304909560723514,0.7049100631988332,0.4868238557558946,0.6809638554216867,0.4812760055478502,0.687793427230047,0.715748031496063,0.79750346740638,0.8335644937586685,0.7824370991613222,0.723994452149792,0.7941397445529677,0.7420249653259362,0.8673404927353127,0.7368421052631579,0.7385272145144077,0.9087829033098775,0.8890429958391124,0.8890429958391124,0.8529819694868238,0.8502080443828016,0.8529819694868238,0.8502080443828016,0.6920943134535368,0.6961178045515395,0.6893203883495146,0.7022696929238985,0.8529819694868238,0.8502080443828016,0.8488210818307905,0.8460471567267683,0.7600554785020804,0.7059639389736477,0.6976744186046512,0.7447289156626506,0.7676767676767676,0.7829833064081853,0.7439024390243902,0.7933425797503467,0.7364771151178918,0.8349514563106796,0.8529819694868238,0.739251040221914,0.7850208044382802,0.7267683772538142,0.8294036061026352,0.8543689320388349,0.7766990291262136,0.7725381414701803,0.7864077669902912,0.8349514563106796,0.6425457715780296,0.6661429693637078,0.9292649098474342,0.6822001527883881,0.6514382402707276,0.6969263759828449,0.6344676180021954,0.6362660944206009,0.6928515318146111,0.7168713639301875,0.6359797297297297,0.6731328806983511,0.6380638063806381,0.6418848167539267,0.6561163387510693,0.926490984743412,0.5617198335644937,0.5672676837725381,0.5908460471567267,0.5589459084604715
test_java_org_apache_commons_compress_archivers_JarTestCase::testJarUnarchive.txt,0.666023166023166,0.6862934362934363,0.9237451737451737,0.918918918918919,0.9218146718146718,0.9208494208494209,0.9218146718146718,0.9555984555984556,0.61003861003861,0.727063465965143,0.5048471290082028,0.6052123552123552,0.6409671532846716,0.6177606177606177,0.0,0.5048262548262549,0.5666023166023166,0.6266407389402042,0.5501930501930502,0.6332530120481927,0.5492277992277992,0.6621621621621622,0.621259842519685,0.7258687258687259,0.8774131274131274,0.6665022200296004,0.7152509652509652,0.7167543200601052,0.7905405405405406,0.8092229943145925,0.7377654662973222,0.6959459459459459,0.8655199374511336,0.9131274131274131,0.9131274131274131,0.8928571428571429,0.8918918918918919,0.8938223938223938,0.8928571428571429,0.7094594594594594,0.6602316602316602,0.7065637065637066,0.6554054054054054,0.88996138996139,0.888996138996139,0.888996138996139,0.888030888030888,0.8301158301158301,0.6795366795366795,0.6534749034749034,0.6573795180722891,0.6875,0.6968228325255789,0.7081881533101045,0.8359073359073359,0.7615830115830116,0.8735521235521235,0.8822393822393823,0.777992277992278,0.8301158301158301,0.750965250965251,0.8745173745173745,0.88996138996139,0.8166023166023166,0.7895752895752896,0.8233590733590733,0.8774131274131274,0.6399302528334786,0.6135113904163394,0.9507722007722008,0.6256684491978609,0.6362098138747885,0.6247319513938527,0.6322393822393823,0.6361003861003861,0.6370777690494894,0.6451195862960569,0.6393581081081081,0.6640926640926641,0.638996138996139,0.6544401544401545,0.6458511548331908,0.9478764478764479,0.6785714285714286,0.7133204633204633,0.7422779922779923,0.6631274131274131
test_java_org_apache_commons_compress_archivers_JarTestCase::testJarUnarchiveAll.txt,0.8087818696883853,0.6990972918756269,0.8937677053824362,0.8937677053824362,0.8895184135977338,0.8909348441926346,0.8951841359773371,0.9362606232294618,0.6538461538461539,0.8250575468595857,0.6442953020134228,0.6350461133069829,0.7531934306569343,0.6393897364771152,0.5048262548262549,0.0,0.5581395348837209,0.7506076810889645,0.46458923512747874,0.7571084337349397,0.4702549575070821,0.7253521126760564,0.731496062992126,0.6713881019830028,0.8441926345609065,0.7760236803157375,0.7747875354107648,0.8317054845980466,0.7790368271954674,0.8799747315224258,0.7691597414589104,0.7694770544290288,0.9236382590565546,0.8923512747875354,0.8923512747875354,0.8640226628895185,0.8626062322946175,0.8668555240793201,0.8654390934844193,0.7450424929178471,0.7697456492637216,0.7422096317280453,0.7730307076101469,0.8626062322946175,0.8611898016997167,0.8611898016997167,0.8597733711048159,0.8073654390934845,0.7917847025495751,0.7325581395348837,0.7703313253012049,0.7878787878787878,0.8056004308023694,0.7857142857142857,0.8101983002832861,0.7776203966005666,0.8470254957507082,0.8597733711048159,0.78328611898017,0.8031161473087819,0.7705382436260623,0.839943342776204,0.8611898016997167,0.7932011331444759,0.8073654390934845,0.8045325779036827,0.8385269121813032,0.6922406277244987,0.7172034564021995,0.9320113314447592,0.7295645530939648,0.6954314720812182,0.7390993566833453,0.7047200878155873,0.7027896995708155,0.7321288295365279,0.762120232708468,0.6942567567567568,0.7303588748787585,0.7348734873487349,0.7371727748691099,0.6928999144568007,0.9291784702549575,0.5864022662889519,0.6218130311614731,0.6713881019830028,0.5609065155807366
test_java_org_apache_commons_compress_archivers_TarTestCase::testTarArchiveCreation.txt,0.6989664082687338,0.6529588766298897,0.9018087855297158,0.8992248062015504,0.8992248062015504,0.896640826873385,0.8992248062015504,0.9405684754521964,0.3979328165374677,0.7846103255508057,0.5659955257270693,0.437984496124031,0.7107664233576643,0.36304909560723514,0.5666023166023166,0.5581395348837209,0.0,0.6242100145843461,0.479328165374677,0.7016867469879519,0.5012919896640827,0.7112676056338029,0.6850393700787402,0.7532299741602068,0.8359173126614987,0.753330044400592,0.689922480620155,0.7761081893313299,0.7467700258397932,0.8518635502210992,0.7405355493998154,0.7139807897545357,0.9012249152984102,0.896640826873385,0.896640826873385,0.8630490956072352,0.8617571059431525,0.8656330749354005,0.8643410852713178,0.6912144702842378,0.7015503875968992,0.686046511627907,0.7015503875968992,0.8630490956072352,0.8630490956072352,0.8604651162790697,0.8578811369509044,0.7842377260981912,0.6976744186046512,0.7209302325581395,0.7100903614457831,0.7417929292929293,0.7630586968228326,0.7177700348432056,0.7984496124031008,0.7248062015503876,0.8397932816537468,0.8475452196382429,0.7325581395348837,0.7906976744186046,0.7131782945736435,0.838501291989664,0.8527131782945736,0.7674418604651163,0.7661498708010336,0.7829457364341085,0.8397932816537468,0.6408020924149956,0.6543597800471328,0.9354005167958657,0.6799083269671505,0.6489001692047377,0.6976411722659042,0.6487376509330406,0.6534334763948498,0.6818538884524745,0.6606334841628959,0.6452702702702703,0.6964112512124151,0.6765676567656765,0.675392670157068,0.6544054747647562,0.9315245478036176,0.6111111111111112,0.6124031007751938,0.6330749354005168,0.6072351421188631
test_java_org_apache_commons_compress_archivers_TarTestCase::testTarArchiveLongNameCreation.txt,0.7695673310646572,0.7209528439474964,0.9591638308215849,0.95770539620807,0.9586776859504132,0.9572192513368984,0.9581915410792416,0.9766650461837627,0.6985901798736023,0.6968102597829662,0.5853184248906174,0.6981040350024307,0.6427919708029197,0.7049100631988332,0.6266407389402042,0.7506076810889645,0.6242100145843461,0.0,0.7788040836169179,0.6968674698795181,0.7802625182304327,0.7486631016042781,0.6830335439961108,0.8055420515313564,0.9343704423918328,0.7005347593582888,0.8050559066601848,0.7447739426349052,0.8745746232377248,0.7463676563487049,0.7569275644141954,0.7510938259601361,0.8115715402658327,0.9523578026251823,0.9523578026251823,0.9402041808458921,0.9397180359747205,0.9406903257170637,0.9402041808458921,0.8230432668935342,0.7578998541565386,0.822070977151191,0.7578998541565386,0.9416626154594069,0.9411764705882353,0.9402041808458921,0.9392318911035489,0.9047156052503647,0.8045697617890131,0.7622751579970831,0.7165775401069518,0.7321341759844434,0.7301895964997569,0.7486631016042781,0.9095770539620807,0.8497812348079727,0.9256198347107438,0.9324258629071464,0.8590179873602334,0.9061740398638795,0.8488089450656295,0.926592124453087,0.9382596013612057,0.8920758385999028,0.8750607681088964,0.8935342732134176,0.9333981526494896,0.690325717063685,0.6961594555177443,0.9732620320855615,0.7034516285853184,0.6898395721925134,0.7117160913952357,0.7112299465240641,0.7122022362664074,0.6961594555177443,0.6193485658726301,0.699076324744774,0.7087992221682061,0.7185221195916383,0.717549829849295,0.6947010209042295,0.9727758872143899,0.8176956733106465,0.8254739912493924,0.8400583373845406,0.8147788040836169
